%bus data
%bus_no capacity filled_cap current_route current_pos 
cas.bus = [ 01,  40, 0,  0,  0;
            02,  40, 0,  0,  0;
            03,  40, 0,  0,  0;
            04,  40, 0,  0,  0;
            05,  40, 0,  0,  0;
            06,  40, 0,  0,  0;
            07,  40, 0,  0,  0;
            08,  40, 0,  0,  0;
            09,  40, 0,  0,  0;
            10,  40, 0,  0,  0;
            11,  40, 0,  0,  0;
            12,  40, 0,  0,  0;
            13,  40, 0,  0,  0;
            14,  40, 0,  0,  0;
            15,  40, 0,  0,  0; ];
        
%Stop Data
%Stop_Number Stop_Name
% cas.stop = [01, 'H1';
%             02, 'H32';
%             03, 'H4';
%             04, 'H5';
%             05, 'H121314';
%             06, 'H679';
%             07, 'H11';
%             08, 'H1516';
%             09, 'Lib';
%             10, 'SOM';
%             11, 'KreSIT'; ];

%probability function (pdf) = at^2 + bt + c till t = 0 to 15
%                           = dt^3 + et^2 + ft + g till t=15 to 35
%t is measured with respect to 8:10.
%So peak at 8:25 i.e. t=15, peak/2 at 8:15 (t=5) and 8:30 (t=20)
%StopNumber students a b c d e f g
cas.stop = [
    01, 350, -0.0033, 0.1167, 0, -0.2012, 16.1020, -377.5215, 2720.1;
    02, 700, -0.0033, 0.1167, 0, -0.4112, 32.9020, -771.2715, 5555.1;
    03, 600, 0.0033, 0.1167, 0, -0.3512, 28.1020, -658.7715, 4745.1;
    04, 350, -0.0033, 0.1167, 0, -0.2012, 16.1020, -377.5215, 2720.1;
    05, 1000, 0.0033, 0.1167, 0, -0.5912, 47.3020, -1108.8, 7985.1;
    06, 1000, 0.0033, 0.1167, 0, -0.5912, 47.3020, -1108.8, 7985.1;
    07, 350, -0.0033, 0.1167, 0, -0.2012, 16.1020, -377.5215, 2720.1;
    08, 2000, -0.0033, 0.1167, 0, -1.1912, 95.3020, -2233.8, 16085;
    09, 0, 0, 0, 0, 0, 0, 0, 0 ;
    10, 0, 0, 0, 0, 0, 0, 0, 0 ;
    11, 0, 0, 0, 0, 0, 0, 0, 0 ;
    ];
 %Link 
%LinkNumber Stop1   Stop2  Distance
% cas.link = [
%     01, 
%          
cas.route.route1 = [05 06 07 10 11];
cas.route.route2 = [05 06 04 03 02 01 09 10 11];
cas.route.route3 = [08 09 10 11];
